47.64570362,-122.14073746
47.64465876,-122.14164599
47.64316917,-122.14032175
47.64400884,-122.14023575
47.64461988,-122.14036647
47.64408768,-122.14041856
47.64420863,-122.14025745
47.64444361,-122.14018328
47.64465758,-122.14018767
47.64488454,-122.14017437
47.64520477,-122.14016784
47.64547674,-122.14018439
47.64571323,-122.14022766
47.64587239,-122.14002287
47.64595766,-122.1397792
47.64599922,-122.13943789
47.64603828,-122.13900942
47.64604141,-122.13858751
47.646027,-122.13819059
47.64600358,-122.13771124
47.64598373,-122.13724606
47.64593355,-122.13677245
47.64588724,-122.13626595
47.6429362,-122.13467282
47.64243793,-122.13467092
47.64198233,-122.13468288
47.64153045,-122.13476467
47.64104408,-122.13491783
47.64058267,-122.13511139
47.64011501,-122.13536333
47.63960332,-122.13572667
47.63911414,-122.13607039
47.63861611,-122.13653331
47.63814037,-122.1370822
47.63768491,-122.13758951
47.63725632,-122.13812444
47.63685084,-122.13875491
47.63651447,-122.13942039
47.63615011,-122.14011484
47.63580224,-122.14075543
47.63541746,-122.14138799
47.63507052,-122.14200602
47.63473228,-122.1426724
47.63441075,-122.14329013
47.63410235,-122.14394645
47.63376621,-122.14459159
47.6334202,-122.14521279
47.63305178,-122.14583486
47.63270445,-122.14647547
47.63232408,-122.14711158
47.63196519,-122.1477388
47.63162584,-122.14835526
47.6312515,-122.14899425
47.63089755,-122.14973043
47.63201135,-122.17986298
47.63208268,-122.18060479
47.63214152,-122.18135859
47.63215467,-122.18210143
47.63211356,-122.18285325
47.63209556,-122.18356543
47.6320449,-122.18425436
47.63199828,-122.18491461
47.63199913,-122.18559604
47.63201972,-122.18626038
47.63207653,-122.18693261
47.63218839,-122.18758511
47.63232882,-122.18822966
47.63257283,-122.18886573
47.63287737,-122.18945135
47.63322927,-122.18996166
47.63367887,-122.19043466
47.634132,-122.19076635
47.63461255,-122.19107122
47.63504998,-122.19135558
47.63553452,-122.19168733
47.63599614,-122.19201589
47.63646174,-122.19235786
47.63692352,-122.19276196
47.63736625,-122.19318684
47.63777944,-122.19372926
47.6382038,-122.19423848
47.63859022,-122.1947819
47.63899604,-122.19532488
47.63936364,-122.1958044
47.63996172,-122.19658762
47.64033791,-122.19708576
47.64072958,-122.19763817
47.6410922,-122.19819132
47.64143997,-122.19879572
47.64175567,-122.19944091
47.64211672,-122.20019294
47.64245387,-122.20094038
47.64266078,-122.20174271
47.64284559,-122.20246246
47.64283835,-122.20328823
47.64288764,-122.20411885
47.64294009,-122.20491996
47.64302134,-122.20573633
47.64311167,-122.2065553
47.64318879,-122.20735176
47.64323331,-122.20814994
47.64314663,-122.20890738
47.64306518,-122.20967456
47.64294208,-122.21040413
47.64273822,-122.21110748
47.64251487,-122.21179233
47.64229401,-122.21250729
47.64203371,-122.21318039
47.64178175,-122.21387401
47.64153522,-122.2145543
47.64128756,-122.21521327
47.64106505,-122.21590413
47.64087001,-122.21659499
47.64066575,-122.21728132
47.640455,-122.21797972
47.64018559,-122.21864377
47.63995811,-122.2193461
47.63972099,-122.22003135
47.6393758,-122.22065471
47.63896425,-122.22130348
47.63853414,-122.22184619
47.6381203,-122.22239975
47.63771144,-122.2229896
47.63729561,-122.223602
47.63692551,-122.22421384
47.63660583,-122.22483677
47.63631555,-122.22551321
47.63607985,-122.22625582
47.63597157,-122.22705364
47.63589128,-122.2278699
47.63578627,-122.22870427
47.63599506,-122.23085222
47.6361301,-122.23169866
47.63627859,-122.2324797
47.63643194,-122.23325567
47.63653376,-122.23397771
47.6366206,-122.2346326
47.63670978,-122.23525619
47.63682041,-122.23590502
47.63691469,-122.23650263
47.63700638,-122.23708237
47.63710406,-122.23766097
47.63718752,-122.23827617
47.63726882,-122.23884629
47.63735532,-122.23937071
47.63743263,-122.2398745
47.63751203,-122.24040066
47.63757214,-122.24086357
47.63765513,-122.24137609
47.63772916,-122.24190982
47.63781607,-122.24247003
47.63792173,-122.24300767
47.63802063,-122.24354318
47.63810283,-122.24412395
47.63821357,-122.24472981
47.63829059,-122.24530316
47.63839468,-122.24594518
47.63848526,-122.24657627
47.63858536,-122.2472394
47.6386858,-122.24789419
47.63876377,-122.24856723
47.63885518,-122.2492397
47.63895781,-122.24988995
47.63904768,-122.25051846
47.63913599,-122.25113795
47.63922794,-122.25174188
47.63931907,-122.25231988
47.63940219,-122.25289919
47.63949323,-122.25350407
47.63958462,-122.25407566
47.63967767,-122.25467753
47.63976976,-122.25527388
47.63986875,-122.25589948
47.63995887,-122.25648791
47.64004748,-122.2570955
47.64014076,-122.25769575
47.64023014,-122.25828736
47.64031487,-122.25888901
47.64040891,-122.25950836
47.64050642,-122.26011945
47.64060166,-122.26075396
47.64069714,-122.26136087
47.64078919,-122.26196596
47.64087888,-122.26258127
47.64097271,-122.26321481
47.641064,-122.26383161
47.64115942,-122.26448554
47.6412493,-122.26510303
47.64135102,-122.26575541
47.64145191,-122.26638606
47.64154745,-122.26705416
47.64164877,-122.26770318
47.64175016,-122.26837317
47.64184505,-122.26901952
47.64194727,-122.26968575
47.64205022,-122.27032612
47.64214714,-122.27097706
47.64224504,-122.27161196
47.64234553,-122.2722625
47.64245218,-122.27288516
47.64253276,-122.27350544
47.64262682,-122.2741029
47.64271234,-122.27473385
47.64280625,-122.27532821
47.64291927,-122.27594654
47.64307318,-122.2765463
47.64329663,-122.27718099
47.64350791,-122.27779001
47.64373117,-122.27842447
47.64394613,-122.27904263
47.64410615,-122.27970994
47.64425279,-122.28033532
47.64436514,-122.28097995
47.64436096,-122.28152937
47.64440711,-122.28216232
47.64442623,-122.2828302
47.64447681,-122.28347838
47.64452978,-122.28410901
47.64455864,-122.2847637
47.64459605,-122.28543797
47.6446579,-122.28610695
47.64468666,-122.2867364
47.64474309,-122.28741901
47.64478075,-122.28808485
47.64483167,-122.28881146
47.64487741,-122.28951001
47.64491575,-122.29023637
47.64495738,-122.2909337
47.64500754,-122.29163983
47.64504979,-122.29235266
47.64509486,-122.29307802
47.64514565,-122.29379929
47.6451872,-122.29454577
47.64520106,-122.29528236
47.64520361,-122.29604729
47.64515442,-122.29676643
47.64507325,-122.29748488
47.64489691,-122.29819831
47.6447796,-122.29894807
47.64464508,-122.29969499
47.64452252,-122.30045229
47.64442385,-122.30118434
47.64447009,-122.30200066
47.64446363,-122.30276835
47.64446324,-122.30354834
47.64444048,-122.30430076
47.64436645,-122.30506002
47.64421733,-122.30579278
47.64402011,-122.30648834
47.64381704,-122.3071957
47.64363188,-122.30793093
47.64345832,-122.30861469
47.6432942,-122.30927533
47.64322092,-122.30992011
47.64316805,-122.31061678
47.64318377,-122.31128691
47.64320013,-122.31195443
47.64320769,-122.31259486
47.64319767,-122.3132253
47.64319089,-122.31385902
47.64317852,-122.31450293
47.64314746,-122.31510843
47.64310262,-122.31574518
47.64305292,-122.31635002
47.64298898,-122.31700507
47.64293472,-122.31761513
47.6428774,-122.31820328
47.64281899,-122.31879405
47.64279718,-122.31941742
47.6427442,-122.31997284
47.64267153,-122.32057518
47.6426241,-122.32113276
47.64252653,-122.3216749
47.64243835,-122.32214949
47.64227746,-122.32262346
47.64207964,-122.32297953
47.64177137,-122.32321581
47.64127247,-122.32315479
47.64085487,-122.32314435
47.64042123,-122.32316645
47.63997574,-122.32318493
47.63954582,-122.32318437
47.63915501,-122.32319925
47.63880892,-122.32321942
47.63848663,-122.32319154
47.63819651,-122.32319077
47.63796224,-122.32317674
47.63776662,-122.32321827
47.63750455,-122.32324882
47.63722401,-122.32328166
47.6369141,-122.3233152
47.6365853,-122.32337231
47.63627685,-122.32342249
47.63598068,-122.32348022
47.6356352,-122.32356161
47.63528215,-122.32365979
47.6348792,-122.32376632
47.6344658,-122.32390731
47.63402263,-122.32407189
47.63356694,-122.32424999
47.63310031,-122.3244527
47.63264704,-122.32465256
47.63219899,-122.32490651
47.63177034,-122.32520147
47.63133916,-122.32557547
47.63097568,-122.32600333
47.63063194,-122.32641872
47.63030748,-122.32682537
47.63000243,-122.32721908
47.62968897,-122.32759073
47.62938358,-122.32793548
47.62911785,-122.32816828
47.62890726,-122.32838317
47.62864055,-122.32859733
47.62838173,-122.32876713
47.62812362,-122.32890839
47.62786843,-122.32903159
47.62762342,-122.32912312
47.62735523,-122.32917655
47.62709742,-122.32924761
47.62679028,-122.32931145
47.62640818,-122.32925402
47.62611901,-122.32935021
47.62587812,-122.32960202
47.62567726,-122.32996943
47.62557422,-122.33033918
47.6254749,-122.33073399
47.62538656,-122.33110048
47.62531433,-122.33152279
47.62523757,-122.33197777
47.62512572,-122.33234376
47.62502112,-122.33265794
47.62495531,-122.33300707
47.62489556,-122.33330548
47.62486624,-122.33358936
47.62480865,-122.33387606
47.62476361,-122.33402235
47.6248223,-122.33413588
47.624941,-122.33420212
47.62506938,-122.33423873
47.62519261,-122.33424837
47.62538135,-122.33425203
47.62550263,-122.33427003
47.62567693,-122.33432703
47.62580098,-122.33443693
47.62584132,-122.33465221
47.6258047,-122.33483371
47.6257927,-122.33510985
47.62577769,-122.33531473
47.62574339,-122.33557295
47.6257686,-122.33582493
47.6257478,-122.335964
47.62575908,-122.33615731
47.62577156,-122.3364674
47.62579371,-122.33662635
47.62577432,-122.33682532
47.62575349,-122.33709919
47.62574731,-122.33726193
47.62572421,-122.33742638
47.62574099,-122.33759278
47.62579129,-122.33777195
47.6257874,-122.33791322
47.62591311,-122.33833931
47.62584417,-122.33862808
47.62579218,-122.3388353
47.62574044,-122.33898438
47.62570609,-122.33914817
47.6256769,-122.33943105
47.6255528,-122.3397429
47.62546917,-122.3400052
47.62537831,-122.34030079
47.62526624,-122.34067041
47.6251812,-122.34103818
47.62509453,-122.34142411
47.62500859,-122.34179673
47.62488484,-122.34218861
47.62477871,-122.34260593
47.62466816,-122.34301332
47.62438461,-122.34339132
47.62410072,-122.34365584
47.62386179,-122.34394927
47.62362539,-122.34420172
47.62339124,-122.34446285
47.62317293,-122.34463645
47.62302088,-122.34492359
47.62282751,-122.34516938
47.62261436,-122.34541515
47.62238884,-122.34564187
47.62218478,-122.34585288
47.62203245,-122.34603634
47.62188055,-122.34622039
47.62175637,-122.34641007
47.62161363,-122.34659228
47.62146727,-122.34674517
47.62137687,-122.34688288
47.62128886,-122.34701444
47.6211744,-122.34721127
47.6210818,-122.34731638
47.62101612,-122.34742531
47.62092767,-122.34758665
47.62085558,-122.34773499
47.62072939,-122.34789542
47.62055599,-122.34813224
47.62036561,-122.34835184
47.6201885,-122.34856346
47.62005104,-122.34871574
47.61991667,-122.34878331
47.61989532,-122.34896118
47.62004631,-122.34912702
47.62014714,-122.34923712
47.62022109,-122.34942144
